forward = 20, 96, 21, 114, 22, 88, 23, 5, 186, 7, 153, 7, 147, 151, 176
right   = 20, 96, 21, 114, 22, 88, 23, 5, 148, 7, 155, 7, 128, 191
died    = 20, 96, 21, 114, 22, 88, 23, 5, 174, 155, 7, 128, 174
stop    = 20, 96, 21, 114, 22, 88, 23, 5, 187, 191, 8, 136, 199
walk    = 20, 96, 21, 114, 22, 88, 23, 5, 147, 8, 136, 8, 197
left    = 20, 96, 21, 114, 22, 88, 23, 5, 145, 131, 186, 191
turn    = 20, 96, 21, 114, 22, 88, 23, 5, 8, 191, 151, 141
have    = 20, 96, 21, 114, 22, 88, 23, 5, 183, 8, 132, 166
are     = 20, 96, 21, 114, 22, 88, 23, 5, 140, 8, 128, 191
dead    = 20, 96, 21, 114, 22, 88, 23, 5, 174, 8, 131, 174
meat    = 20, 96, 21, 114, 22, 88, 23, 5, 140, 8, 128, 191
you     = 20, 96, 21, 114, 22, 88, 23, 5, 8, 160

